PT
[0.0, 0.0, 0.0, 0.0, 0.0, 0.0, 0.0, 0.0, 1.0, 1.0, 0.7307692307692307, 0.02142857142857143, 1.0, 0.0, 0.0, 0.9850746268656716, 0.0, 0.9701492537313433, 0.0, 0.0, 0.0, 1.0, 1.0, 0.9932432432432432, 1.0, 1.0, 0.9866666666666667, 0.0, 0.007936507936507936, 0.0, 0.0, 0.0, 0.0, 0.0, 1.0, 0.9929577464788732, 1.0, 0.0, 0.0, 0.0, 0.9272727272727272, 0.9846153846153847, 0.0, 0.0, 0.9864864864864865, 0.02, 0.9864864864864865, 0.9852941176470589, 0.9846153846153847, 0.0, 0.0, 0.0, 0.0, 1.0, 0.0, 1.0, 1.0, 0.0, 0.0, 0.0, 1.0, 1.0, 0.0, 0.0, 0.0, 1.0, 1.0, 1.0, 1.0, 1.0, 1.0, 0.5625, 0.012658227848101266, 0.037037037037037035, 0.0, 0.025974025974025976, 1.0, 0.2318840579710145, 0.9296875, 0.015151515151515152, 1.0, 0.0, 0.017543859649122806, 0.0, 0.0, 1.0, 1.0, 1.0, 0.0, 1.0, 0.9050632911392406, 1.0]
PSDB
[0.0, 0.03225806451612903, 0.014285714285714285, 0.27941176470588236, 0.0625, 0.05555555555555555, 0.07407407407407407, 0.10526315789473684, 0.037037037037037035, 0.0, 1.0, 1.0, 0.0, 0.967391304347826, 0.0, 0.023809523809523808, 0.9736842105263158, 0.02564102564102564, 0.12, 0.13157894736842105, 0.047619047619047616, 0.058823529411764705, 0.08333333333333333, 0.022727272727272728, 0.03125, 0.0, 1.0, 1.0, 1.0, 0.03225806451612903, 0.0, 0.0, 0.06818181818181818, 0.15384615384615385, 0.0, 0.0, 0.03571428571428571, 0.0, 0.09375, 1.0, 0.0, 0.0, 0.029411764705882353, 0.0, 0.0, 0.0, 1.0, 0.9571428571428572, 1.0, 0.025, 0.0625, 0.06818181818181818, 0.1, 0.02631578947368421, 0.07142857142857142, 0.0, 0.0, 0.95, 0.16666666666666666, 0.9285714285714286, 0.0, 0.02857142857142857, 0.9444444444444444, 0.19047619047619047, 0.3, 0.02857142857142857, 0.02702702702702703, 0.030303030303030304, 0.038461538461538464, 0.0, 0.03225806451612903, 0.9693877551020408, 0.9285714285714286, 1.0, 0.96, 0.9607843137254902, 0.03409090909090909, 0.5789473684210527, 0.02702702702702703, 0.0, 0.0, 0.0, 0.0, 0.08620689655172414, 1.0, 0.0, 0.078125, 0.0, 0.0, 0.024390243902439025, 0.0, 1.0]
PV
[0.6363636363636364, 0.05555555555555555, 0.1111111111111111, 0.2777777777777778, 0.0, 0.0, 0.0, 0.0, 0.2727272727272727, 0.1111111111111111, 0.8333333333333334, 0.0, 0.75, 0.0, 0.05555555555555555, 0.4444444444444444, 0.875, 0.25, 0.0, 0.08333333333333333, 0.0, 1.0, 0.9090909090909091, 0.9166666666666666, 0.9, 0.9, 1.0, 0.7777777777777778, 0.7777777777777778, 0.125, 0.0, 0.0, 0.0, 0.0, 1.0, 0.7272727272727273, 0.6153846153846154, 0.0, 0.0, 0.5, 0.3333333333333333, 0.7, 0.0, 0.0, 1.0, 0.0, 1.0, 1.0, 1.0, 0.0, 0.0, 0.0, 0.0, 1.0, 0.1111111111111111, 0.8888888888888888, 1.0, 0.0, 0.0, 0.0, 0.9, 1.0, 0.1111111111111111, 0.0, 0.0, 1.0, 1.0, 1.0, 1.0, 1.0, 1.0, 0.0, 0.0, 0.5, 0.10714285714285714, 0.5, 0.35714285714285715, 0.8, 0.8, 0.0, 0.0, 0.1, 0.1111111111111111, 0.1111111111111111, 1.0, 0.0, 0.0, 0.0, 0.1111111111111111, 0.0, 0.07692307692307693, 1.0]
PSOL
[0.5, 0.0, 0.0, 0.5, 0.0, 0.0, 0.0, 0.0, 0.5, 0.0, 1.0, 0.0, 0.0, 1.0, 0.0, 0.0, 1.0, 0.0, 1.0, 0.3333333333333333, 1.0, 0.0, 0.0, 0.0, 0.0, 0.0, 0.0, 1.0, 1.0, 0.0, 0.0, 0.0, 0.0, 0.0, 0.0, 0.0, 0.0, 0.0, 0.3333333333333333, 0.0, 0.0, 0.0, 0.0, 0.0, 1.0, 0.0, 1.0, 1.0, 1.0, 1.0, 1.0, 1.0, 1.0, 0.0, 1.0, 0.3333333333333333, 0.0, 1.0, 1.0, 1.0, 0.0, 0.0, 0.6666666666666666, 1.0, 1.0, 0.0, 0.0, 0.0, 0.0, 0.0, 0.0, 0.0, 0.0, 1.0, 1.0, 1.0, 0.0, 1.0, 0.0, 1.0, 0.0, 1.0, 1.0, 1.0, 1.0, 0.0, 0.0, 0.0, 1.0, 0.0, 0.0, 1.0]
PCdoB
[0.09090909090909091, 0.0, 0.0, 0.0, 0.0, 0.0, 0.0, 0.0, 1.0, 1.0, 1.0, 0.0, 1.0, 0.0, 0.0, 1.0, 0.0, 1.0, 0.0, 0.0, 0.0, 0.9166666666666666, 1.0, 1.0, 1.0, 1.0, 1.0, 0.0, 0.0, 0.0, 0.0, 0.0, 0.0, 0.0, 1.0, 1.0, 1.0, 0.0, 0.0, 0.0, 1.0, 1.0, 0.0, 0.0, 1.0, 0.0, 0.9230769230769231, 1.0, 1.0, 0.0, 0.0, 0.0, 0.0, 1.0, 0.0, 1.0, 1.0, 0.0, 0.0, 0.0, 1.0, 1.0, 0.0, 0.0, 0.0, 1.0, 1.0, 1.0, 1.0, 1.0, 1.0, 1.0, 0.9230769230769231, 0.0, 0.06666666666666667, 0.0, 1.0, 0.09090909090909091, 0.5384615384615384, 0.0, 1.0, 0.0, 0.0, 0.0, 0.0, 1.0, 1.0, 1.0, 0.0, 1.0, 0.0, 1.0]
PP
[0.04, 0.0, 0.0, 0.0, 0.0, 0.0, 0.0, 0.0, 1.0, 0.9130434782608695, 0.6666666666666666, 0.896551724137931, 0.9655172413793104, 0.03125, 0.07407407407407407, 0.9259259259259259, 0.034482758620689655, 0.8928571428571429, 0.05172413793103448, 0.0, 0.0, 0.9130434782608695, 0.9411764705882353, 0.96875, 0.9523809523809523, 1.0, 0.9642857142857143, 0.0, 0.037037037037037035, 0.0, 0.0, 0.0, 0.04, 0.03225806451612903, 0.9655172413793104, 0.9259259259259259, 0.95, 0.0, 0.0, 0.038461538461538464, 1.0, 0.90625, 0.04, 0.08695652173913043, 0.9090909090909091, 0.4827586206896552, 0.7833333333333333, 0.56, 0.967741935483871, 0.045454545454545456, 0.041666666666666664, 0.04, 0.041666666666666664, 0.9642857142857143, 0.03571428571428571, 0.9666666666666667, 0.9629629629629629, 0.045454545454545456, 0.045454545454545456, 0.047619047619047616, 0.9655172413793104, 0.9642857142857143, 0.03225806451612903, 0.04, 0.038461538461538464, 0.9705882352941176, 0.9655172413793104, 0.9629629629629629, 0.9642857142857143, 0.9642857142857143, 0.9666666666666667, 1.0, 0.6764705882352942, 0.17391304347826086, 0.047619047619047616, 0.047619047619047616, 0.9, 0.27586206896551724, 0.9411764705882353, 0.05172413793103448, 0.9655172413793104, 0.030303030303030304, 0.037037037037037035, 0.03571428571428571, 0.2608695652173913, 0.8571428571428571, 0.896551724137931, 0.6470588235294118, 0.03125, 0.9459459459459459, 0.0, 1.0]
PR
[0.038461538461538464, 0.045454545454545456, 0.018518518518518517, 0.0, 0.0, 0.0, 0.0, 0.0, 1.0, 1.0, 1.0, 0.2692307692307692, 1.0, 0.0, 0.0, 1.0, 0.08, 0.967741935483871, 0.125, 0.0, 0.0, 0.9523809523809523, 1.0, 0.9464285714285714, 0.9464285714285714, 0.9615384615384616, 1.0, 0.041666666666666664, 0.10714285714285714, 0.0, 0.0, 0.0, 0.041666666666666664, 0.018518518518518517, 0.9852941176470589, 0.046875, 0.1935483870967742, 0.0, 0.0, 0.0, 0.21428571428571427, 0.9666666666666667, 0.04, 0.0, 1.0, 0.16666666666666666, 0.9333333333333333, 0.4827586206896552, 1.0, 0.0, 0.0, 0.0, 0.0, 0.8709677419354839, 0.03333333333333333, 0.875, 0.8888888888888888, 0.11538461538461539, 0.0, 0.08, 0.9354838709677419, 0.9142857142857143, 0.08064516129032258, 0.0, 0.0, 0.9642857142857143, 0.9655172413793104, 0.9333333333333333, 0.9655172413793104, 0.9615384615384616, 0.9655172413793104, 0.9393939393939394, 0.5, 0.8571428571428571, 0.07692307692307693, 0.02631578947368421, 0.9722222222222222, 0.92, 0.8846153846153846, 0.0, 1.0, 0.015625, 0.0, 0.038461538461538464, 0.038461538461538464, 0.9242424242424242, 0.8846153846153846, 0.78125, 0.0, 0.9117647058823529, 0.0, 1.0]
DEM
[0.043478260869565216, 0.0, 0.041666666666666664, 0.0, 0.0, 0.038461538461538464, 0.03333333333333333, 0.0, 0.10344827586206896, 0.13636363636363635, 1.0, 0.9705882352941176, 0.20689655172413793, 0.09615384615384616, 0.0, 0.06666666666666667, 0.8888888888888888, 0.125, 0.05555555555555555, 0.0, 0.05263157894736842, 0.16071428571428573, 0.06666666666666667, 0.09090909090909091, 0.09259259259259259, 0.08928571428571429, 0.9310344827586207, 0.9629629629629629, 0.90625, 0.0, 0.05263157894736842, 0.07142857142857142, 0.0, 0.0, 0.22727272727272727, 0.11290322580645161, 0.07352941176470588, 0.022727272727272728, 0.0, 0.8214285714285714, 1.0, 0.18518518518518517, 0.0, 0.11764705882352941, 0.037037037037037035, 0.11764705882352941, 0.9523809523809523, 0.9473684210526315, 0.9583333333333334, 0.11764705882352941, 0.125, 0.0, 0.08333333333333333, 0.0, 0.0, 0.0, 0.0, 0.9583333333333334, 0.13333333333333333, 0.38461538461538464, 0.18181818181818182, 0.1111111111111111, 0.8181818181818182, 0.08333333333333333, 0.05, 0.20454545454545456, 0.23529411764705882, 0.1875, 0.25, 0.2857142857142857, 0.2857142857142857, 1.0, 0.9594594594594594, 0.782608695652174, 0.8452380952380952, 0.9512195121951219, 0.02702702702702703, 0.90625, 0.08620689655172414, 0.0, 0.07142857142857142, 0.037037037037037035, 0.0, 0.9230769230769231, 1.0, 0.05128205128205128, 0.047619047619047616, 0.0, 0.0, 0.06451612903225806, 0.0, 1.0]
PMDB
[0.0, 0.0, 0.037037037037037035, 0.017857142857142856, 0.0, 0.056818181818181816, 0.06140350877192982, 0.07272727272727272, 0.9736842105263158, 0.9428571428571428, 0.7931034482758621, 0.6349206349206349, 0.9803921568627451, 0.03389830508474576, 0.15306122448979592, 0.9568965517241379, 0.03571428571428571, 0.9666666666666667, 0.06382978723404255, 0.0, 0.019230769230769232, 0.9649122807017544, 0.8392857142857143, 0.90625, 0.8846153846153846, 0.9444444444444444, 1.0, 0.022222222222222223, 0.03636363636363636, 0.0, 0.02127659574468085, 0.018518518518518517, 0.04807692307692308, 0.05434782608695652, 0.9836065573770492, 0.7666666666666667, 0.9436619718309859, 0.017543859649122806, 0.021739130434782608, 0.07142857142857142, 0.9078947368421053, 0.81, 0.06363636363636363, 0.05555555555555555, 0.9259259259259259, 0.02040816326530612, 0.95, 1.0, 0.9915254237288136, 0.0, 0.0, 0.0, 0.0, 0.9850746268656716, 0.0, 1.0, 1.0, 0.0, 0.0, 0.0, 1.0, 1.0, 0.014492753623188406, 0.0, 0.0, 1.0, 1.0, 1.0, 1.0, 1.0, 1.0, 1.0, 0.9863013698630136, 0.14285714285714285, 0.0, 0.0, 0.9533333333333334, 0.6111111111111112, 0.9433962264150944, 0.0390625, 0.9402985074626866, 0.041666666666666664, 0.006944444444444444, 0.03571428571428571, 0.08771929824561403, 0.9012345679012346, 0.9384615384615385, 0.8782051282051282, 0.025, 0.9506172839506173, 0.03125, 1.0]
